image_width: 320
image_height: 240
camera_name: camera
camera_matrix:
  rows: 3
  cols: 3
  data: [400.2295156714164, 0, 140.4206661490163, 0, 399.439506398915, 126.0487667669194, 0, 0, 1]
distortion_model: plumb_bob
distortion_coefficients:
  rows: 1
  cols: 5
  data: [0.03604276226026219, -0.03761454416876547, -0.002634497845590623, -0.01002330973472697, 0]
rectification_matrix:
  rows: 3
  cols: 3
  data: [1, 0, 0, 0, 1, 0, 0, 0, 1]
projection_matrix:
  rows: 3
  cols: 4
  data: [401.0545349121094, 0, 137.8451774114046, 0, 0, 402.933349609375, 125.1060961475378, 0, 0, 0, 1, 0]