# oST version 5.0 parameters


[image]

width
320

height
240

[narrow_stereo]

camera matrix
407.316248 0.000000 155.918179
0.000000 405.707621 126.424456
0.000000 0.000000 1.000000

distortion
0.008166 -0.110885 0.000277 0.003683 0.000000

rectification
1.000000 0.000000 0.000000
0.000000 1.000000 0.000000
0.000000 0.000000 1.000000

projection
405.543762 0.000000 156.097349 0.000000
0.000000 404.282562 125.954940 0.000000
0.000000 0.000000 1.000000 0.000000

